,PseudoTime1,PseudoTime2
E37_5_927,114.759480005907,NA
E42_7_69,104.854883198069,NA
E20_7_209,NA,148.607726925672
E70_2_163,NA,78.7270899249429
E107_6_328,NA,137.630003498493
E131_7_61,100.75112061606,NA
E106_4_886,123.65555677608,NA
E49_7_93,NA,139.848139256052
E37_5_687,102.640436385613,NA
E10_0_881,21.4657960303209,21.357577476349
E12_1_362,48.0706345194856,42.723617310101
E136_6_008,NA,146.360396099063
E42_5_847,119.287501718603,NA
E42_1_762,45.9929209005877,44.780607528439
E36_2_563,57.0769985717216,60.0191576873968
E120_2_483,NA,81.9394754135205
E112_1_282,31.0327423725104,30.9786755058899
E133_3_444,75.851965502437,NA
E36_3_925,NA,97.2699325968294
E112_4_486,NA,149.780984931776
E31_3_284,NA,104.498926656975
E70_0_481,21.5165248537177,21.4185160206422
E101_4_966,NA,138.348018668789
E15_6_648,NA,152.210858836886
E133_1_041,13.9208754185252,13.9059141833768
E51_4_566,NA,107.056799762522
E80_4_646,104.857423394151,NA
E31_3_044,NA,96.7236079611692
E123_4_646,124.466550152148,NA
E31_4_486,NA,147.53440040324
E86_3_925,94.6296587014854,NA
E12_3_925,133.950616256879,NA
E85_1_362,34.2852457554874,34.3074335588947
E112_7_61,NA,142.716973304025
E54_0_32,12.8117210135366,12.8172499098315
E4_0_721,28.8354484392553,28.7107520889937
E56_0_16,0,0
E36_0_16,14.7821829589284,14.7754715943613
E88_7_61,NA,157.223220316029
E131_1_121,9.82376705897208,9.82486356795398
E16_4_245,108.310241013379,NA
E37_0_08,0,0
E101_6_728,NA,140.96110246925
E85_6_969,NA,153.652253837345
E88_1_922,NA,71.0648737171235
E136_3_685,NA,117.959221718091
E120_0_881,19.2184900643491,19.1931133089446
E47_6_889,126.466148453355,NA
E2_6_168,128.483206905057,NA
E112_1_362,33.1784834600609,33.1463931716562
E86_2_723,74.3142518121319,NA
E12_4_325,115.158332765043,NA
E17_6_728,113.031754901949,NA
E119_1_282,29.610922068914,29.5065173203147
E126_7_85,107.756838374369,NA
E65_1_602,43.4183388006864,44.3338831286183
E128_2_243,74.0640055565985,NA
E84_6_809,135.469732692461,NA
E16_0_801,26.8506165679651,26.7566624835553
E101_5_527,NA,146.171136846264
E17_4_165,108.608620980216,NA
E65_1_522,39.8582186595574,39.8581344391912
E119_1_522,43.6982138507106,44.1692172988459
E0_0_16,13.6837414924214,13.6821884181518
E123_5_847,134.052204771323,NA
E12_2_083,53.7782536273115,48.3305729137963
E10_6_248,105.190976677351,NA
E125_7_289,134.264255759826,NA
E10_3_284,75.6016675677116,NA
E20_5_367,NA,134.298932445936
E48_6_969,110.932506074213,NA
E2_4_486,113.614102466776,NA
E94_4_005,NA,113.83629902265
E119_0_801,23.7437827062161,23.6175165760605
E25_7_77,NA,144.699691836643
E121_5_527,NA,145.195907157592
E120_5_126,NA,125.016707408992
E86_4_245,101.846182715645,NA
E66_7_69,120.038304296741,NA
E112_1_121,28.3330704634685,28.1944907473764
E125_0_0,0,0
E65_5_046,120.281559319146,NA
E84_3_364,129.000665350258,NA
E121_2_003,61.3029386618573,63.0108160371183
E136_1_922,NA,79.8150558913771
E94_6_648,NA,150.388959624205
E86_2_403,73.1039717928911,NA
E120_1_842,48.9754215486995,51.6564033075805
E88_1_121,39.6792637073377,40.1510224148668
E36_6_568,NA,144.952179760185
E96_2_483,71.8716941446551,NA
E3_4_806,NA,115.07499366734
E110_0_961,11.8111939231284,11.7979696824034
E14_2_163,45.3406391827055,46.9499530536156
E15_0_16,11.9157519450937,11.9144269803586
E65_3_605,111.298003460307,NA
E65_2_003,53.8246239694005,53.53487976941
E65_2_964,74.6180664036779,NA
E142_7_209,NA,145.459304289592
E14_0_961,5.27692945060473,5.27745975686708
E55_6_568,106.891677128041,NA
E133_5_447,109.676651343277,NA
E126_4_085,117.672428771915,NA
E78_0_401,13.4812097549811,13.4823865319644
E121_3_685,NA,100.188227265119
E31_5_687,NA,158.528611810719
E133_1_602,38.9089026066508,38.7941221925323
E96_4_806,132.011368669363,NA
E78_2_083,46.4395994040352,49.7975158965364
E1_5_046,119.670738237579,NA
E55_0_721,26.4633135013126,26.4343620586243
E109_2_003,NA,77.7915190211957
E17_3_685,119.145935946024,NA
E31_3_204,NA,101.290756318098
E101_2_403,NA,74.0048319617941
E17_7_209,131.483628498795,NA
E79_2_964,88.9258688790202,NA
E112_5_367,NA,136.099542166255
E66_4_726,123.117020988484,NA
E24_7_049,105.767658506015,NA
E51_5_927,NA,158.159293820173
E49_3_444,NA,97.3578594912588
E94_6_088,NA,143.628559031489
E41_1_202,46.1242409984409,47.3476372768905
E42_1_041,8.27111327140937,8.25992253918902
E63_5_367,129.492866494556,NA
E119_2_884,72.1833052194743,NA
E4_7_449,NA,137.738557975594
E120_3_845,NA,108.126411734608
E121_0_801,27.1795251803671,27.0239812967143
E15_2_563,NA,82.7291496826034
E78_6_168,105.395584719592,NA
E4_7_369,NA,142.70754263754
E31_3_444,NA,106.973845194384
E131_5_767,112.292823840478,NA
E84_6_008,132.97793934155,NA
E42_6_328,124.711774893966,NA
E54_2_884,77.4402657849518,NA
E42_4_566,122.150624614756,NA
E41_6_168,NA,144.476355145741
E48_5_847,98.8987364165606,NA
E16_1_442,41.1097031322804,40.6995480673107
E79_0_08,0.415273323890957,0.415176948278113
E98_6_088,NA,147.128249574824
E133_2_243,54.035296915213,50.2855267958837
E123_0_641,26.5319294616188,26.3264148579344
E109_6_648,NA,142.30816609645
E125_2_403,66.0608701751271,71.6365698467999
E49_2_403,NA,82.0398654410443
E85_7_85,NA,150.86512666283
E31_4_165,NA,125.238448714725
E17_5_447,106.148362621787,NA
E101_7_69,NA,151.294447397175
E25_6_168,NA,144.187904160954
E1_7_61,128.66760543517,NA
E14_3_044,NA,77.4369078116164
E63_1_202,41.3484873535234,39.4258656214612
E119_6_969,132.807384239333,NA
E86_2_964,93.1926049437542,NA
E107_3_765,NA,98.1699527756869
E142_7_129,NA,156.094305316272
E14_3_284,NA,81.8882365340806
E4_3_364,NA,116.253419158027
E78_6_488,128.784084921895,NA
E112_3_044,NA,104.711549638088
E4_0_801,30.5185038787439,30.4469048055987
E109_2_163,NA,82.3963558134651
E36_7_129,NA,143.004183123557
E94_1_202,32.3045508386674,32.2981562231009
E96_2_964,80.4092293610546,NA
E110_5_287,102.855968189194,NA
E16_5_607,112.237233886611,NA
E142_5_607,NA,117.14603612273
E4_3_605,NA,117.939492760704
E110_6_008,105.42056799643,NA
E85_3_124,NA,82.1193551805266
E42_2_563,66.6410277342164,NA
E42_1_842,46.6913633978042,45.6234818779855
E54_2_243,68.9094840523559,NA
E49_7_209,NA,154.687652198294
E85_3_925,NA,112.252034112148
E101_6_328,NA,140.257836246435
E42_7_85,109.294690067226,NA
E56_3_044,105.259369866722,NA
E36_3_765,NA,96.4516143650067
E96_3_925,114.732145408447,NA
E84_5_767,112.026564222761,NA
E16_7_129,120.920863755059,NA
E80_0_721,28.7140451678668,28.5552913140022
E78_7_449,111.495840218869,NA
E123_3_124,87.9576160410939,NA
E96_4_085,117.07022743635,NA
E135_7_93,NA,157.431121744513
E106_7_369,135.681185506638,NA
E20_1_602,51.8955290149389,55.5452819043881
E108_0_481,10.116418703283,10.1168434795005
E51_2_643,NA,84.1471106482597
E120_2_643,NA,81.8267503896201
E16_1_282,40.9947710043612,40.2723225093033
E25_0_0,0,0
E48_6_328,124.354231729615,NA
E14_6_008,NA,146.571844121678
E119_0_481,12.4461511021645,12.4478521428046
E70_1_121,41.411035517102,42.1723347357031
E80_3_605,110.776988136547,NA
E42_2_083,55.2704283579526,51.3890517073079
E110_7_93,101.804344129765,NA
E15_7_449,NA,141.909398596782
E109_6_088,NA,159.075231329251
E4_1_842,NA,83.3301209735182
E49_6_969,NA,148.885533810889
E55_5_767,108.935628118292,NA
E101_6_088,NA,147.637856543146
E0_5_607,NA,143.887286922155
E66_3_364,119.651156708811,NA
E66_4_486,114.318556533832,NA
E101_0_08,0,0
E84_2_964,99.9660010485229,NA
E17_4_726,124.788391626445,NA
E36_3_524,NA,94.4915611427354
E108_2_723,76.6038535343591,NA
E16_0_881,26.9843948077247,26.8061381838251
E120_2_243,NA,77.4360348598376
E36_1_682,33.8045968492188,33.8885940529334
E88_3_605,NA,99.7719121710793
E98_1_762,51.2119771596807,53.2716961561084
E86_5_927,118.147407835335,NA
E78_4_085,83.3990533543285,NA
E10_6_648,118.580455720251,NA
E2_6_568,130.25389112215,NA
E121_1_442,52.0298397365457,50.1463116471106
E0_3_364,NA,85.782528709752
E12_6_969,120.778323410471,NA
E121_3_124,NA,82.5359266682943
E16_0_08,1.23998737799149,1.23965103520099
E16_6_809,125.561954359731,NA
E14_6_568,NA,137.770331763156
E133_1_682,39.1532091215946,39.0169933435181
E133_0_0,0,0
E119_5_126,114.989334312568,NA
E131_6_728,101.656378643556,NA
E128_0_961,28.5880569870394,28.5070983218721
E128_6_008,124.571620371526,NA
E14_7_85,NA,141.481532970484
E51_2_403,NA,79.1682134634528
E4_3_925,NA,118.097996702302
E96_3_765,110.088575372036,NA
E78_7_529,120.222821378425,NA
E86_4_486,113.331956450631,NA
E20_0_16,15.571921806249,15.5619238682848
E49_5_607,NA,141.767935411982
E10_4_646,126.525338795699,NA
E110_6_969,118.24361508492,NA
E2_2_804,66.6834169127981,NA
E48_3_364,110.668200365204,NA
E125_0_961,29.7045049180686,29.6588547758515
E48_0_24,8.09485113695588,8.09477580380439
E42_0_721,16.9954181085335,16.9304097244949
E120_6_408,NA,141.243036298038
E70_6_328,NA,142.674866771549
E85_7_529,NA,145.491229256925
E36_0_561,4.25724038293541,4.25544226802029
E121_6_809,NA,141.554479241254
E108_1_041,27.8437669539109,27.6587196683615
E48_2_563,77.9913144891705,NA
E44_6_008,NA,140.631961211075
E24_3_284,74.4823466280933,NA
E94_0_561,9.60998805050131,9.61216390103305
E98_4_005,NA,98.3605016660212
E101_1_682,53.9689942991333,55.9753681925223
E80_2_163,74.5155214834628,NA
E88_0_401,16.5092775257554,16.4981486296364
E86_5_287,106.658985674051,NA
E65_0_481,23.2953808182083,23.13472898667
E42_3_204,80.7314838776736,NA
E101_4_005,NA,108.74126328574
E126_2_643,70.4212679853438,NA
E112_4_646,NA,152.027637886876
E86_3_605,104.000190230162,NA
E10_0_08,0,0
E10_0_801,21.3608735424337,21.2823102795706
E106_4_966,123.583198392062,NA
E107_1_121,30.6866252779135,30.6034189924049
E56_6_328,112.677934070923,NA
E3_5_607,NA,150.59406675566
E42_1_362,22.3040155509454,22.3179312924889
E2_4_966,122.119438566469,NA
E54_2_643,75.0851325620448,NA
E14_5_367,NA,122.013650892061
E56_0_401,10.7510659561149,10.7541648704573
E24_7_369,116.796242117971,NA
E1_4_646,129.709998524073,NA
E88_3_124,NA,84.6546335303178
E80_7_209,105.560155283772,NA
E25_4_806,NA,142.855886562416
E123_6_008,130.362014863435,NA
E20_0_881,31.5184002222496,31.5581833077957
E12_4_806,119.185339557966,NA
E25_7_85,NA,151.17394577472
E142_7_289,NA,147.329961067598
E2_0_481,14.5348501923294,14.5312221516557
E101_3_765,NA,105.815908779794
E126_2_083,58.6548942176922,58.3300304214976
E31_1_442,50.8528370762739,53.5868643428694
E108_1_602,47.3120078774752,48.6730923479112
E49_4_726,NA,114.671861685575
E78_3_605,76.1103310883576,NA
E106_1_922,47.935859219267,49.9161876647802
E94_1_522,42.3589044593667,43.305956184141
E126_4_566,138.621722769308,NA
E133_1_522,37.5688975725432,37.4322053806648
E84_5_367,107.168434977153,NA
E128_3_124,120.488149974129,NA
E17_1_121,42.7912162629994,45.0293487726272
E36_7_529,NA,157.143807889495
E17_6_648,112.051476339165,NA
E15_7_85,NA,145.569305054912
E135_2_964,NA,97.290051466831
E96_0_481,12.5323697470423,12.5358421090149
E55_6_488,115.885809613488,NA
E47_4_325,100.227237255316,NA
E1_0_961,11.28839963329,11.2923558331186
E107_2_804,NA,76.5679039785788
E36_7_61,NA,150.954680176242
E36_5_367,NA,116.823399707269
E109_2_243,NA,81.9797286385177
E37_2_403,52.236598067567,44.2055166852299
E78_6_328,125.816465561615,NA
E31_1_922,60.3754744277638,65.1991263903464
E108_5_046,107.73018752255,NA
E125_6_008,114.426168726677,NA
E36_2_723,NA,79.8849877708445
E47_0_641,0.734847528154357,0.734863532077739
E120_4_886,NA,118.984923167258
E106_5_287,121.662740242257,NA
E56_4_245,110.542937047773,NA
E135_6_648,NA,153.700755558907
E79_6_328,121.840896577822,NA
E88_1_682,51.9073747136163,54.5888409948713
E84_5_046,116.075477075499,NA
E85_5_207,NA,145.548625375269
E133_7_289,119.76871311194,NA
E80_1_282,52.6676090204705,49.4016895636575
E42_3_524,131.519603166058,NA
E51_6_889,NA,157.722630046958
E109_5_767,NA,153.120017355615
E24_3_124,72.6431941157067,NA
E84_0_0,0,0
E126_4_486,109.507782075837,NA
E42_5_207,138.803481805957,NA
E84_2_483,75.3913943275721,NA
E3_6_088,NA,152.789950823852
E2_5_207,100.962942760513,NA
E36_5_927,NA,149.028915041353
E126_3_845,96.8882137605597,NA
E47_1_121,19.0532156207146,19.0077076206035
E88_2_163,NA,74.146630286511
E94_3_605,NA,110.267309426557
E135_6_889,NA,153.937550216999
E17_2_403,NA,75.3638187696561
E36_5_847,NA,156.287147290747
E142_3_124,60.5388320967312,63.8177700297818
E55_2_964,111.974791955883,NA
E123_4_005,131.912763984461,NA
E84_7_289,106.100681703305,NA
E133_7_049,120.588676627952,NA
E49_2_884,NA,85.5557106929938
E17_7_85,118.119181808285,NA
E10_7_61,106.693462876825,NA
E37_7_69,112.296397997087,NA
E126_3_685,91.4155655559285,NA
E36_4_005,NA,99.0693145626563
E51_4_486,NA,100.465858833181
E24_3_044,74.6904515737429,NA
E123_4_085,134.989206331134,NA
E47_3_524,117.83732256031,NA
E0_2_323,NA,80.5342979377326
E94_5_607,NA,149.351482271608
E65_1_362,41.8862371707272,42.3777293390249
E40_5_367,124.739934753672,NA
E48_6_648,104.32588336875,NA
E48_2_083,63.9834940486126,NA
E112_0_401,21.3995443845357,21.2937446172504
E88_6_488,NA,149.203638627383
E125_3_605,121.790704524637,NA
E65_3_044,85.2992206460334,NA
E136_3_605,NA,112.969355257459
E85_5_847,NA,148.296423769985
E15_2_243,NA,77.1968022277666
E37_7_77,137.765276801325,NA
E80_2_884,135.819663738053,NA
E31_0_32,5.34282578678736,5.34199967832552
E85_3_204,NA,89.3234915169553
E56_4_726,91.5467420286397,NA
E14_0_24,0,0
E110_1_362,18.4401101773614,18.4527362440963
E48_2_163,63.8327710410169,NA
E126_1_922,51.1060357890698,52.0449050312275
E110_5_046,112.347790033537,NA
E120_3_124,NA,88.5140064489889
E54_2_003,65.1883000583789,NA
E4_0_561,24.8680732222061,24.6687187589097
E54_5_687,118.898861172198,NA
E101_1_602,48.8096879549015,52.0888036411414
E4_0_641,24.9016784862379,24.7335871731919
E66_5_607,115.255106806106,NA
E42_0_881,11.0592050309524,11.0602235001056
E65_4_566,103.436645419398,NA
E55_0_561,22.3430951927983,22.2812623849966
E1_7_69,125.957187480958,NA
E66_2_083,61.9826060652355,NA
E136_3_044,NA,102.044698381325
E54_4_566,107.331251082813,NA
E85_7_77,NA,154.597786319568
E142_4_726,NA,107.358371613897
E84_3_685,123.492688131824,NA
E96_2_723,75.5291202231281,NA
E120_0_721,23.4771881913047,23.389014703797
E94_3_204,NA,101.627661371091
E48_4_646,126.998825044759,NA
E96_2_163,68.4448443755598,NA
E42_5_927,124.132289194887,NA
E44_6_969,NA,154.939614440383
E128_5_126,132.023119227458,NA
E15_5_287,NA,138.494368193502
E66_5_447,119.033998073356,NA
E98_6_728,NA,150.977908256003
E54_1_282,42.9580251268115,44.1778206331131
E125_5_287,110.075582568772,NA
E84_1_842,67.096349503295,NA
E10_5_847,122.238805823523,NA
E41_4_886,NA,163.405786477475
E101_0_24,7.76872762579673,7.76323181264913
E24_6_969,130.036777814799,NA
E66_5_287,121.363667088084,NA
E66_1_282,38.8139457182645,38.216714411031
E20_4_966,NA,121.519203184942
E109_0_401,13.4501748683004,13.4301538431929
E133_7_529,102.092557041835,NA
E54_2_723,76.7103862792406,NA
E131_7_77,120.348327378527,NA
E44_6_648,NA,148.919050127842
E136_1_682,51.2985336734303,52.2381648706406
E125_5_927,107.526129943324,NA
E4_6_889,NA,144.613453536147
E51_3_524,NA,98.4147920051234
E1_1_362,4.09768991442449,4.09523158980222
E3_5_527,NA,156.279408886174
E14_1_362,29.9379102891841,29.8691577533522
E94_3_765,NA,110.269590168606
E88_4_486,NA,112.934854346659
E49_6_408,NA,151.886568710632
E106_2_964,79.5311152550977,NA
E135_5_207,NA,156.819881373319
E94_1_041,29.6596774969193,29.6003693825094
E41_7_77,NA,152.39803643963
E79_6_008,111.776136083835,NA
E51_4_406,NA,100.832174398352
E121_1_842,57.6696285826507,57.9612405923062
E125_5_607,106.139422364043,NA
E49_1_442,44.8587964921818,47.1652997760877
E79_3_524,118.982927979828,NA
E126_5_927,122.176635212504,NA
E54_7_529,133.795094996883,NA
E65_1_202,33.1653477088882,33.3018143715644
E128_1_202,39.9462346133904,39.5582919989749
E126_1_442,37.9940970355296,37.5345746439413
E15_4_646,NA,155.304351951678
E110_2_483,50.5410493254932,52.2438825437624
E101_5_767,NA,150.949456018123
E47_6_168,120.126306476941,NA
E25_0_561,25.6026406068706,25.4010455211945
E65_3_685,108.018754076008,NA
E44_5_046,NA,135.139122458019
E66_3_124,80.9437516328899,NA
E78_5_126,117.707195366123,NA
E12_3_364,81.8778988833289,NA
E121_1_202,42.9959702461873,42.9298802626491
E78_3_124,NA,73.462072594171
E54_4_005,116.648124902,NA
E88_7_289,NA,139.012381603063
E78_5_687,101.096061247418,NA
E40_4_165,123.392864267681,NA
E108_0_08,0,0
E94_7_369,NA,154.210258333215
E120_3_364,NA,99.0639108330789
E123_1_041,40.6184740457156,39.9926709109497
E65_5_927,129.915273220465,NA
E86_0_0,0,0
E63_1_602,46.0277800028013,40.9273475814191
E42_6_248,116.947521515924,NA
E78_1_442,33.0356025587393,33.1542968007224
E42_6_008,120.425313709662,NA
E12_2_323,52.987115398266,46.4865742751858
E65_1_682,43.6878990495964,44.6993628953845
E126_2_403,60.9291938288278,61.5694479878985
E54_4_966,121.930287602368,NA
E42_0_961,8.66778421883991,8.66570239334644
E66_6_168,109.394697548138,NA
E2_2_323,53.6381249137805,49.7185611300078
E20_0_32,22.3822202870678,22.2967524476209
E125_3_845,107.110692194795,NA
E78_7_85,138.914607474975,NA
E110_0_481,10.842265924318,10.8443900985948
E65_4_406,119.543056842238,NA
E15_2_884,NA,97.4930357895898
E78_0_641,16.7858715384128,16.7795869908565
E31_2_003,NA,74.2768000631914
E51_4_325,NA,100.291952609464
E4_1_121,46.4590413741515,47.9770696213161
E125_2_243,64.5547895465299,70.2628744429166
E96_4_005,105.527783801163,NA
E44_1_041,25.3189286786827,25.2681819358083
E15_1_842,53.1274477574164,57.5864866801228
E66_1_922,62.7226359075187,NA
E106_3_765,104.127525581663,NA
E16_2_563,72.0951571150275,NA
E17_3_364,77.5831105802056,NA
E49_6_328,NA,154.001384427198
E65_2_163,54.4779384631635,54.1584615893295
E126_0_561,14.1268341835145,14.1231279481725
E120_7_93,NA,154.547014487735
E4_3_444,NA,116.822192488689
E15_3_765,NA,118.733038910995
E126_4_005,107.193035556452,NA
E135_7_449,NA,156.907491072936
E80_0_961,41.6980015477278,41.8053052669313
E40_2_884,81.9356584823025,NA
E24_2_163,52.0961702167857,53.0724080695748
E16_2_083,61.6825450154131,62.2467778134617
E108_7_209,122.574273787192,NA
E48_0_08,1.97732829658938,1.9772170713311
E112_7_049,NA,148.22833028129
E128_2_483,78.6724386981207,NA
E101_2_723,NA,80.2562713498527
E79_0_801,26.6899108440527,26.5309066523051
E55_7_529,113.273280918334,NA
E20_6_568,NA,147.273840594524
E131_3_444,88.7910285720213,NA
E128_0_0,0,0
E66_0_481,9.29084162284257,9.29775637354531
E109_0_0,0,0
E10_1_762,41.3415761751535,39.4218690445576
E106_1_842,47.7081485740673,49.730075605583
E25_4_486,NA,120.416815598995
E131_7_289,97.3981945416121,NA
E12_5_687,121.426051823219,NA
E84_4_566,110.022814040076,NA
E36_1_041,11.983024181296,11.9855569417614
E80_0_481,25.3971181051862,25.3025304297791
E125_2_643,88.1354122940397,NA
E121_5_607,NA,148.290801746559
E79_5_126,106.879399638334,NA
E78_0_561,12.7050991557816,12.7071102879326
E84_4_966,124.977785774164,NA
E40_2_003,64.2399094250415,63.3815774210018
E63_4_806,133.126938062934,NA
E51_2_163,NA,72.7562316871856
E142_1_682,18.9233942165372,18.8922435975542
E44_3_364,NA,110.134260774489
E106_3_685,104.351517773024,NA
E0_1_602,49.1989870366584,52.0495331061658
E110_2_083,43.4719075865925,45.764003636225
E14_0_801,13.7432363341463,13.7263410215608
E0_6_248,NA,155.193853021999
E48_0_481,5.39691878862,5.39929762202686
E136_0_0,0,0
E14_7_61,NA,139.402057786367
E16_0_24,1.90431354984795,1.90460674393637
E112_3_364,NA,114.836937531079
E120_5_767,NA,146.752518214021
E65_2_723,76.3726981576501,NA
E108_3_765,115.289924528734,NA
E14_4_005,NA,84.3147273211203
E41_6_408,NA,144.882068367026
E47_1_442,25.8937626744049,25.8180657707799
E12_6_248,129.810927021123,NA
E0_5_447,NA,131.414402525315
E3_4_165,NA,110.95440953589
E110_0_801,10.328537090531,10.3337183085377
E142_6_889,NA,155.528789631376
E48_5_687,97.5503634614518,NA
E2_7_129,107.576178001937,NA
E51_4_245,NA,97.7026266757357
E24_0_24,10.517544806193,10.5159405839968
E44_4_726,NA,133.882975008071
E54_7_129,115.081065633956,NA
E10_4_566,125.470351841788,NA
E98_1_121,31.6873869557069,31.6876702448801
E135_2_483,NA,82.2823759704341
E47_2_483,58.2739856149988,57.4450474141898
E65_4_646,123.636444440723,NA
E10_7_369,134.438559156244,NA
E109_5_126,NA,142.814009801956
E12_1_602,47.6113162478718,42.4481793077003
E3_4_486,NA,113.50894289016
E55_0_961,39.2478823026355,39.4274730113775
E12_3_845,111.155827401674,NA
E135_2_163,NA,81.5740934765067
E63_4_646,95.7694741607385,NA
E80_4_406,116.092685791149,NA
E86_4_886,115.948687489275,NA
E66_0_801,24.9873997575132,24.908743041321
E4_7_61,NA,146.165615988398
E85_1_282,32.122069937638,32.0936309964706
E10_4_245,115.932256516096,NA
E106_0_721,15.7993881492402,15.7862584354511
E36_2_643,NA,76.4814462585458
E80_3_524,124.616357488718,NA
E15_7_289,NA,160.063051774467
E98_5_367,NA,129.670553327574
E42_6_728,127.13147357728,NA
E119_6_088,131.250430925408,NA
E79_1_922,53.2890737047028,55.9872901366948
E142_6_008,NA,125.293589006432
E48_5_046,112.273104317138,NA
E86_6_488,123.348752713769,NA
E47_3_284,93.2149803223345,NA
E54_6_248,115.810383175822,NA
E36_4_486,NA,102.589470302341
E78_6_248,136.64690395084,NA
E25_4_085,NA,113.817358494624
E128_4_325,115.924845380853,NA
E48_5_447,106.738658315407,NA
E12_6_568,112.870504708591,NA
E128_5_046,131.991581307333,NA
E42_6_488,105.291566117814,NA
E133_4_486,133.564217565553,NA
E47_2_643,65.8463404007271,70.531707549779
E1_7_93,113.716688609195,NA
E110_4_726,137.77421805416,NA
E41_1_682,53.3298772577734,54.6359673902754
E123_7_77,111.368394945765,NA
E125_7_69,106.249976137242,NA
E106_3_605,93.2038620040566,NA
E54_3_124,79.856511877119,NA
E94_2_643,NA,84.6806460812879
E128_6_088,125.692077564571,NA
E0_6_168,NA,158.83942157269
E126_4_726,136.631746002294,NA
E94_4_406,NA,131.221681249396
E119_7_289,97.0379049902395,NA
E36_5_767,NA,156.819798721348
E78_6_408,112.032729466451,NA
E24_1_121,23.8334754934193,23.7678958277245
E112_7_93,NA,147.972592006679
E56_7_85,122.725141426223,NA
E94_2_884,NA,83.3525723331056
E112_6_088,NA,154.696785063454
E108_4_726,117.702828227649,NA
E55_5_927,111.469458995509,NA
E84_6_248,102.833780239926,NA
E44_5_527,NA,139.868254338814
E37_6_969,136.408586148539,NA
E101_6_008,NA,150.829043618914
E2_2_483,55.9888924687336,51.1292055012844
E133_4_165,121.082290432162,NA
E136_7_69,NA,156.887727152027
E40_3_765,129.080879095149,NA
E112_2_163,50.7750812536207,56.2535739750152
E20_4_245,NA,109.61499506864
E80_1_682,63.5418370815999,NA
E133_2_163,52.86664966515,50.4494897229847
E25_0_801,30.6530823137151,30.6370396433236
E25_0_641,26.6378962362781,26.5056976718755
E0_1_202,45.7383383234688,47.843086327594
E142_2_483,49.3103851309913,51.1295811709668
E20_4_886,NA,120.799718953325
E106_4_325,105.726674200036,NA
E109_7_129,NA,143.866526625296
E142_2_403,43.1944778227148,43.2894660737285
E106_1_522,42.5449912893374,43.7596748230678
E121_3_444,NA,97.1863939310786
E119_3_925,85.6570521290041,NA
E126_7_449,111.710234945465,NA
E142_0_08,0,0
E63_3_845,74.5904268824593,NA
E85_1_041,22.2430910099423,22.187061354143
E125_6_889,108.363720077209,NA
E49_4_566,NA,114.966086961421
E101_2_083,NA,75.0474246774731
E2_5_687,131.864504277437,NA
E40_6_969,120.645912057617,NA
E85_3_284,NA,97.6879605035969
E17_2_163,60.9253308515398,65.7307818707009
E119_4_726,119.689934027368,NA
E10_1_362,34.4995674525662,34.4762061219063
E88_2_243,NA,74.7800497193117
E56_7_129,108.391863198463,NA
E41_2_163,NA,78.5874156755298
E106_3_284,81.8350476067873,NA
E88_1_202,40.0113252337358,40.4161811070092
E78_1_282,31.2954696237269,31.2574154581663
E119_6_728,107.777417291927,NA
E31_4_806,NA,139.067222942353
E40_0_561,20.3383790850886,20.2337174189488
E20_2_323,NA,79.0238668208421
E4_0_961,41.9288844965817,42.4162533721387
E14_4_165,NA,97.055590835327
E3_3_044,NA,85.2578838228753
E24_0_641,17.0529495945433,17.0215521347728
E133_3_845,87.8604638262778,NA
E36_0_721,0.331884294098945,0.331911286438909
E107_6_728,NA,119.508410065022
E135_4_646,NA,148.506283491291
E106_0_961,18.8256726292293,18.779718165428
E10_2_964,72.5177571730487,NA
E0_3_524,NA,83.4319072058229
E107_6_168,NA,147.435617000227
E63_1_522,46.0601492859235,41.0113043464612
E125_5_367,114.494727127963,NA
E55_6_889,126.981285070766,NA
E14_6_728,NA,149.635235920727
E14_6_168,NA,134.083442082494
E123_2_083,62.8445703175341,NA
E66_0_641,12.6759771017558,12.6662063227367
E48_1_442,51.2444143198772,45.2743369338005
E79_4_966,101.034320134085,NA
E2_1_282,29.1024229719583,29.0489714229928
E31_1_121,41.41122630202,41.5297265035687
E41_7_369,NA,152.929490154944
E40_5_927,110.816329610276,NA
E44_7_449,NA,151.380874721114
E136_2_964,NA,99.6371629251945
E44_3_925,NA,119.773087993396
E15_2_804,NA,93.4566312144387
E3_3_845,NA,97.8297792700344
E15_4_806,NA,144.495981556035
E120_6_728,NA,139.826814806655
E0_5_527,NA,149.178105521849
E0_6_809,NA,148.886767005717
E70_5_767,NA,153.17823499894
E79_0_481,18.0977686181268,18.0724977904465
E86_7_049,128.938762436969,NA
E48_7_209,129.478870246844,NA
E85_2_003,51.1835685600912,52.5595562370154
E135_2_723,NA,82.216528300477
E123_2_323,68.5012433798502,NA
E133_0_32,1.93289761032422,1.93301644245645
E48_2_483,70.4913902036979,NA
E63_7_529,131.96141483779,NA
E109_5_447,NA,147.418264106029
E15_3_925,NA,121.191696001233
E2_7_77,109.529221483556,NA
E70_6_088,NA,139.179404565997
E135_5_447,NA,149.445345845652
E42_2_403,64.6117734905208,NA
E36_7_85,NA,147.033907272692
E49_0_0,0,0
E84_6_728,124.030915430161,NA
E125_4_165,114.280022760076,NA
E12_3_444,88.0089294010457,NA
E55_0_401,25.6886764859834,25.5446950363627
E56_4_646,122.393737933783,NA
E88_1_282,44.2688240827224,45.5793622848576
E112_5_767,NA,156.70043186911
E36_1_602,30.673465682477,30.6176031952892
E2_5_126,113.757525571973,NA
E125_3_925,99.473074795952,NA
E1_4_886,115.875785469962,NA
E63_2_483,55.6514002916062,50.5657173927649
E63_3_364,72.956257128256,NA
E42_4_886,113.499978038248,NA
E101_0_16,8.38191458774341,8.38354080299261
E31_1_202,44.7323778858738,45.2431775180975
E136_3_524,NA,114.520864248334
E94_0_641,18.4385836814101,18.4536155580712
E31_2_083,NA,75.1323274698338
E112_3_284,NA,111.646490736911
E119_6_889,122.199293169993,NA
E109_5_927,NA,156.030715167421
E120_4_726,NA,123.224426867582
E31_6_408,NA,159.516430333184
E10_3_925,85.7730350059896,NA
E4_2_003,NA,82.8999211455145
E85_5_767,NA,148.994791059363
E63_7_449,128.659280409617,NA
E98_3_605,NA,98.6120348999653
E119_7_93,106.788203225438,NA
E128_3_765,117.331458774116,NA
E70_7_529,NA,152.040419997573
E14_7_129,NA,154.083270200009
E135_6_168,NA,150.664614482296
E20_6_408,NA,142.711484131189
E20_6_248,NA,143.064516245942
E1_1_842,51.6468471087316,44.9764428072918
E41_0_961,28.49329078226,28.4276677782203
E126_0_16,3.72377801407682,3.72613292477049
E85_2_723,NA,79.5980088405312
E16_1_202,41.1353663955182,40.3653513448765
E84_5_607,103.217877100984,NA
E78_4_165,86.7094772721316,NA
E112_3_925,NA,137.262866228312
E20_6_088,NA,154.842195779744
E112_5_447,NA,135.932486876833
E128_0_481,9.59900859391918,9.60353450927476
E120_7_69,NA,148.738157520861
E10_0_32,11.7535374064052,11.7573040665666
E112_4_566,NA,151.849472109414
E42_6_648,105.033157708369,NA
E24_0_721,11.6652416645549,11.6635148703949
E20_3_124,NA,86.8764180338505
E12_5_607,120.765446795385,NA
E98_5_527,NA,140.744950901528
E94_7_529,NA,160.280518968385
E110_5_687,113.74603068707,NA
E107_0_16,8.41590504312667,8.41700696501781
E25_6_568,NA,157.115476512778
E131_2_964,73.2524831697226,NA
E106_5_687,126.566101804113,NA
E10_1_922,43.2400923239559,40.3503790315157
E2_2_243,53.1880068358145,49.5501337159919
E16_7_449,126.660349439641,NA
E55_2_643,76.1826195736665,NA
E40_5_287,127.800162284361,NA
E48_3_605,120.37998244284,NA
E51_6_488,NA,147.637422788641
E123_7_61,136.341470715081,NA
E37_2_804,52.9653967862148,46.9336750408766
E17_3_444,77.741220940897,NA
E24_4_406,110.408919449891,NA
E55_5_847,104.339869662765,NA
E1_2_964,65.7040400252385,NA
E20_3_204,NA,87.7738120854459
E66_5_847,127.905221888832,NA
E133_7_85,97.9306407045089,NA
E37_6_088,104.954574096517,NA
E119_7_529,133.739129184741,NA
E0_7_129,NA,160.75127269699
E119_2_723,69.6118011949589,NA
E108_0_801,5.98985920446944,5.99216180920217
E142_7_69,NA,140.315144817682
E112_3_605,NA,124.845614869594
E42_4_085,118.793423141556,NA
E85_1_522,41.2793352850895,41.6679108545109
E48_7_529,105.665383591087,NA
E107_2_323,55.2166424960578,55.8665449928543
E10_6_568,124.401034134415,NA
E66_6_648,104.243712464754,NA
E84_4_165,103.295768954999,NA
E49_0_561,15.2461005629999,15.2447490855422
E70_0_961,30.8972781353463,30.8564486455684
E70_3_524,NA,106.909027558521
E44_2_964,NA,100.538946345904
E49_7_61,NA,145.531559677254
E24_1_041,23.4894619124368,23.3894180199428
E41_1_922,55.7786553326755,56.9321042495567
E126_6_008,107.625822494464,NA
E49_5_287,NA,150.727717989663
E125_6_728,114.608987108048,NA
E119_4_085,85.8426215739412,NA
E70_2_723,NA,83.6586149607468
E56_5_207,108.128624427075,NA
E126_6_248,114.965928208513,NA
E24_5_207,111.355147939093,NA
E55_3_444,135.171589311421,NA
E65_5_126,108.66563920406,NA
E78_1_602,41.8884283390642,42.5490471285825
E98_6_889,NA,146.262184517077
E66_2_563,72.2380850774024,NA
E0_3_845,NA,86.809573387177
E4_7_77,NA,154.746593731064
E66_3_284,111.449669002645,NA
E142_4_886,NA,107.501853420615
E15_7_93,NA,162.897078639447
E135_1_842,46.6453488076707,49.733441908363
E25_6_408,NA,149.399960345655
E142_0_641,0,0
E12_7_85,117.39852576844,NA
E85_6_728,NA,156.08969576
E10_6_408,116.685197235542,NA
E98_0_16,10.1593209043757,10.1593198205867
E63_6_969,101.866526297594,NA
E101_4_406,NA,115.26795772091
E10_7_77,113.196647951038,NA
E126_2_323,60.2758586080692,61.0286837970041
E1_4_165,126.913782253117,NA
E66_0_961,23.3244417554604,23.2503821149844
E65_4_325,118.899680340199,NA
E79_4_806,99.1569780874535,NA
E47_6_328,110.894348319161,NA
E142_7_77,NA,140.565912001725
E88_3_204,NA,94.8321210519323
E131_0_961,6.58233675328947,6.59464620170085
E56_3_444,101.167729261289,NA
E123_5_767,134.583159760894,NA
E106_6_408,124.642003388846,NA
E12_0_801,16.9499405225592,16.9159769184435
E126_0_401,7.49099524629351,7.48569795240128
E10_5_046,110.022205988147,NA
E10_1_041,24.5688142101806,24.4131423969563
E135_0_16,3.07742339313257,3.07646493029717
E4_1_602,50.4089947767794,55.7480552247378
E120_4_165,NA,114.137275552755
E107_0_0,0,0
E107_4_406,NA,115.972936370819
E25_4_966,NA,140.495858721519
E10_4_085,100.264718015667,NA
E3_2_563,NA,81.7064354055626
E106_1_202,32.9821891669732,32.9607747417828
E128_6_248,107.234308093968,NA
E84_1_282,49.9454899129014,50.2876054661875
E17_1_282,44.2317739577111,46.8655263403668
E25_5_447,NA,152.163789071296
E107_7_369,NA,148.168366193589
E2_7_85,137.679909056784,NA
E80_6_328,126.210627491515,NA
E136_2_163,NA,81.383558155013
E142_2_964,59.6211502595309,62.110250721466
E94_2_804,NA,84.5367125380318
E135_1_362,43.2190907674443,44.5739743647063
E14_5_847,NA,151.722660464731
E51_6_008,NA,145.976296390708
E109_1_041,37.2903007269393,37.6190811441338
E44_6_809,NA,152.265205228033
E56_7_69,124.579804184518,NA
E3_3_204,NA,98.5281071463886
E123_6_728,95.5283750518779,NA
E42_4_486,103.488553833577,NA
E51_2_804,NA,82.4171167434802
E84_0_801,25.7622136056874,25.611791060628
E36_5_046,NA,113.813405333672
E106_2_804,72.2498319198268,NA
E80_1_842,75.3160368719961,NA
E16_4_165,109.02585993751,NA
E133_2_003,51.9758628475302,46.5854975319591
E142_1_842,28.5699150218414,28.4876562406815
E3_2_083,60.5338324944738,63.6925043849545
E109_2_643,NA,82.4408450523041
E107_1_922,53.168843477709,54.0683263273049
E31_1_522,51.5355001217859,54.7583126701298
E136_5_287,NA,140.926292429231
E24_6_248,112.865445511339,NA
E24_0_16,6.60863270807503,6.60783840421476
E108_3_124,78.918164427813,NA
E0_4_966,NA,120.54162897804
E12_5_927,126.483781410079,NA
E121_4_325,NA,112.859986743992
E110_3_204,70.2144906100434,NA
E106_1_602,42.7635113721446,44.025145512164
E96_4_726,125.895583463161,NA
E108_6_328,125.523651613892,NA
E48_4_406,116.920136067089,NA
E16_4_486,118.931649234349,NA
E121_0_0,0,0
E36_3_605,NA,96.0472534467156
E80_5_847,130.913055375117,NA
E108_6_248,104.771323415392,NA
E2_1_442,34.967043877961,34.9225770575339
E88_6_568,NA,144.519811414457
E80_4_325,113.255956760319,NA
E41_3_204,NA,100.946379007388
E98_2_003,55.8234935675969,58.850475965901
E49_2_643,NA,85.2441701911741
E120_5_046,NA,122.668872748713
E86_3_524,94.6627568711065,NA
E65_2_243,60.8797422462766,59.6575288426586
E1_5_527,114.810008684412,NA
E85_0_24,0.769328556434619,0.769343482103599
E4_6_168,NA,155.574198300762
E25_2_163,NA,75.1995064420851
E86_2_483,73.2728703635826,NA
E17_5_207,103.026844711051,NA
E109_2_323,NA,80.6292048369191
E101_1_842,60.1094847215465,63.8315201539037
E54_5_367,117.987907760665,NA
E108_1_522,46.8388163969364,49.0680964874155
E56_6_488,113.110999413965,NA
E47_0_881,12.691366312252,12.6798229374394
E126_3_124,118.815920612591,NA
E125_3_524,122.095408734102,NA
E96_2_003,59.4006746960795,55.302002763467
E63_5_607,131.279519385414,NA
E133_1_362,29.0659908815893,28.9898493655937
E106_5_126,117.914779854787,NA
E25_4_566,NA,124.073733145466
E66_5_367,133.802179429901,NA
E47_2_083,53.5552161791772,51.8661062373186
E85_4_085,NA,114.80433476258
E47_4_406,100.397045756371,NA
E88_5_847,NA,155.984875918928
E142_2_563,51.153868170617,54.4528435199491
E42_0_561,19.2017446585299,19.1338447025264
E123_3_524,132.501376826095,NA
E78_5_287,125.146362530712,NA
E78_0_881,30.5085887414819,30.4339378776175
E40_6_568,102.653313256878,NA
E10_6_809,113.221149806493,NA
E14_6_488,NA,136.065406804494
E119_4_966,118.993973869218,NA
E123_6_809,95.1856578461657,NA
E25_1_842,60.7696472221481,67.8157392928693
E65_2_403,67.6428615156473,NA
E119_3_124,72.3473178552843,NA
E1_2_483,52.3070695573228,46.4178807083049
E136_1_202,44.3006894692414,46.399928218606
E70_6_889,NA,160.285305194067
E142_2_804,60.3636824784009,62.3634118304174
E119_1_602,45.0755756080559,45.877362103461
E49_1_121,33.8692655185294,33.8029911117899
E12_4_646,104.319962535101,NA
E65_4_245,118.694471801624,NA
E65_7_209,117.991200160222,NA
E20_6_969,NA,145.817134289468
E63_4_486,89.246439160549,NA
E110_1_762,31.2522020252737,31.1838732124841
E107_0_24,15.0186097157563,15.0046521070564
E80_6_568,113.613632667425,NA
E112_4_165,NA,143.776664893405
E16_0_481,19.9258819306531,19.8952600401634
E37_1_041,3.948821510461,3.95078608186814
E106_4_566,128.93432853035,NA
E136_0_961,33.787035031624,33.9558701690217
E63_4_566,96.0878561862907,NA
E94_5_046,NA,148.061407722674
E4_5_126,NA,154.993682604308
E136_0_721,27.893303836245,27.8090002852441
E55_4_486,119.268188390951,NA
E1_4_726,135.523250475946,NA
E15_1_522,45.4701352996883,47.9822835503324
E131_0_401,5.22396999732858,5.22481748977877
E37_6_568,117.980555172049,NA
E54_1_682,52.7621326878556,52.3165073598933
E66_0_32,5.05610881981049,5.0513946378772
E24_6_408,100.846192393603,NA
E14_7_369,NA,149.118466557271
E110_2_003,43.4865103014645,45.8262885309313
E54_0_481,14.9499296712594,14.9231605062812
E88_6_889,NA,139.369481272333
E98_4_325,NA,102.39075167643
E101_2_884,NA,82.766323515874
E49_6_889,NA,148.953621170235
E63_7_289,109.830159556155,NA
E79_4_005,107.61217785863,NA
E112_5_287,NA,138.115327208019
E37_1_362,2.26742577511467,2.26505151759812
E12_4_005,115.023850965924,NA
E125_1_842,54.6202526257473,56.5445440581274
E31_2_163,NA,75.0230688671979
E142_0_16,0.554900086750231,0.554845930957769
E31_3_524,NA,109.986345449084
E84_6_328,121.70901669177,NA
E12_3_685,97.0470761544367,NA
E79_6_809,97.636404010655,NA
E47_1_202,17.7569857692627,17.7185683821754
E121_7_61,NA,150.752816414323
E41_7_61,NA,147.961109426016
E123_7_369,91.6210681907832,NA
E126_5_367,122.271756468493,NA
E106_7_289,104.850916518115,NA
E131_1_922,45.2395439556221,44.530029769243
E20_5_287,NA,137.342568893978
E131_4_406,105.082038429899,NA
E41_4_646,NA,135.20528691603
E131_3_524,112.069076530563,NA
E56_5_126,114.975089005195,NA
E79_0_401,13.8655199063595,13.8500956185555
E108_3_284,77.0285162158527,NA
E123_4_726,122.465531848078,NA
E123_7_129,81.2656055379142,NA
E47_2_884,72.9867140005771,NA
E94_5_687,NA,148.01407673439
E135_6_408,NA,149.669584738129
E136_6_648,NA,154.525609417597
E56_2_964,109.263364167079,NA
E47_0_24,0,0
E16_0_641,25.5243867223109,25.3945451208333
E128_6_408,131.263066199527,NA
E51_6_088,NA,140.009583937628
E16_7_289,121.800637628361,NA
E133_0_16,2.85243168329067,2.85291197298326
E36_5_687,NA,141.467450508107
E48_5_927,99.8999247524694,NA
E98_0_801,15.9638652365031,15.9457061510751
E79_1_202,37.7164430669662,37.6794776645529
E2_0_32,11.0323800805679,11.0294973836552
E3_4_726,NA,114.424815729043
E106_5_367,123.404009791903,NA
E20_0_641,22.2418084757602,22.1612262203154
E86_0_401,25.0776158061745,24.9584283926954
E109_7_77,NA,157.389252398551
E66_1_682,50.1210189688921,47.7352120638398
E126_2_804,71.5252833176552,NA
E86_1_282,44.9597647940289,44.9540478244007
E121_6_168,NA,145.117516452476
E85_4_966,NA,153.655579306325
E63_7_209,109.967922668745,NA
E135_3_605,NA,109.235039461586
E84_0_961,30.4710482664865,30.4019875482991
E42_3_284,81.7404937317692,NA
E86_3_765,94.0570276763096,NA
E86_7_529,100.487353066233,NA
E24_5_287,135.07929662109,NA
E128_0_24,11.2008198555598,11.1981834559736
E96_1_442,48.2214624853606,46.6676298884297
E15_5_367,NA,143.186815861456
E135_7_529,NA,146.913574598911
E63_2_243,54.8102917825864,49.7194775920449
E136_3_364,NA,114.079650441955
E12_3_204,77.8112147602374,NA
E123_0_881,30.1118465140856,30.0538247684521
E0_7_449,NA,155.045226897638
E125_5_847,128.356423822127,NA
E79_4_646,133.35871710591,NA
E3_5_767,NA,151.682986601723
E85_0_961,19.6029209478065,19.573230120736
E10_1_282,28.2919503355276,28.2353801192406
E63_4_406,92.9288267113752,NA
E36_3_204,NA,81.1650556796551
E54_0_0,0,0
E24_3_685,126.34128043623,NA
E80_1_202,46.9401040804941,46.8943439191049
E110_6_168,123.774718356516,NA
E56_4_165,118.555602384355,NA
E42_3_605,103.503816174866,NA
E94_6_168,NA,153.308687874268
E123_3_685,106.478512456245,NA
E101_5_927,NA,142.887962627958
E4_6_568,NA,156.042686926106
E48_4_726,128.373385737102,NA
E84_0_641,25.4005740898573,25.3025304297791
E3_5_287,NA,129.936688420502
E136_3_204,NA,108.458589619008
E2_0_961,21.6631331450836,21.5763989112668
E142_6_088,NA,133.943844160387
E12_3_524,89.0806595067543,NA
E112_7_129,NA,148.990179954979
E63_2_884,61.2073481327315,NA
E110_1_442,19.0242633523116,19.0321443825286
E2_6_328,123.682934662169,NA
E108_0_24,0.363761839884431,0.363843030032618
E70_1_602,50.124243042379,53.2009868263966
E126_3_284,116.905030315712,NA
E44_4_245,NA,125.27306131937
E85_2_243,63.2021054846551,67.74000748787
E47_7_529,104.136068259496,NA
E96_3_845,112.620952162884,NA
E15_3_685,NA,115.53463142452
E96_7_289,110.648814641044,NA
E131_6_008,104.463288084978,NA
E133_5_287,134.413799361825,NA
E107_3_364,NA,87.9479889736109
E3_3_124,NA,88.7100655947978
E56_0_481,10.8892733730892,10.8900654239265
E110_5_527,118.454506331986,NA
E16_5_046,115.98725028245,NA
E54_1_922,54.4975723685018,53.1933168480819
E16_5_767,121.105199189382,NA
E109_1_762,55.739759534711,55.1363655464924
E31_7_529,NA,145.586198070609
E15_5_847,NA,145.921798018235
E121_1_762,58.8879063315743,55.5002684926617
E41_5_847,NA,159.13617474802
E3_4_005,NA,101.205851452135
E94_5_527,NA,146.878422515768
E107_3_284,NA,83.9174851794209
E65_6_728,99.8618474411999,NA
E112_5_607,NA,144.215571141691
E142_6_488,NA,151.10015930191
E98_3_845,NA,99.205800697731
E70_4_566,NA,124.870570807034
E110_4_806,112.904171292294,NA
E16_3_685,111.161257695515,NA
E84_5_207,114.339994258484,NA
E42_1_121,3.95671425931727,3.95854236838871
E108_2_323,NA,72.5385091320472
E107_5_767,NA,151.228524151227
E120_5_207,NA,140.573010228972
E15_1_762,51.555441082214,54.5876637246764
E4_6_008,NA,159.465726981422
E79_4_726,138.613550950462,NA
E98_6_568,NA,139.402602168181
E51_1_602,46.679358398215,48.3617240483275
E84_3_605,103.789124722033,NA
E47_6_728,131.721406645548,NA
E78_0_0,0,0
E131_3_284,86.3480966897308,NA
E121_7_69,NA,151.442573168523
E131_6_889,99.5300603618767,NA
E55_2_884,111.279561088075,NA
E70_2_804,NA,86.5121287222677
E15_7_529,NA,161.274243607964
E10_5_687,125.610093627262,NA
E98_1_442,45.8726492002306,48.0898096393253
E110_3_524,67.9862476121738,NA
E42_4_806,100.20396921912,NA
E106_3_845,111.700722447225,NA
E40_3_444,100.885744178462,NA
E37_4_005,61.0734964903383,NA
E49_4_886,NA,113.229608712468
E78_0_481,13.8556482306753,13.860326856098
E14_5_607,NA,139.611071218017
E110_5_927,127.916202152731,NA
E16_2_964,108.880602095189,NA
E78_7_049,114.485570686312,NA
E14_1_842,39.2180124657239,39.2668066829299
E15_6_568,NA,150.333935576559
E24_4_726,123.662726706009,NA
E109_0_32,15.8550311757176,15.8460406351556
E1_4_005,108.835538848898,NA
E41_0_721,25.4005740898573,25.2812942753356
E10_0_24,3.47212886219069,3.47290870767902
E47_3_364,121.862767489696,NA
E66_0_08,0,0
E49_2_723,NA,80.0208785261036
E108_4_406,123.042945710018,NA
E55_4_005,127.703094189299,NA
E119_0_561,16.3512786705907,16.3590321229095
E48_2_323,65.8020521391753,NA
E65_4_005,124.06067771877,NA
E133_2_563,55.1723227888138,51.3047622123939
E119_4_245,95.76116767334,NA
E96_4_646,117.416738603612,NA
E108_1_121,27.8991721762701,27.8366686585565
E136_2_323,NA,81.3584065654654
E85_2_563,NA,81.5206076813905
E55_1_121,45.8570859706349,45.5915014534108
E4_7_85,NA,146.346786398362
E125_2_884,103.56008390601,NA
E128_1_842,63.8252965611513,NA
E109_5_607,NA,155.584324439238
E78_2_483,65.3440989943976,70.6707769636687
E49_2_563,NA,83.2294386319811
E128_4_806,121.415447165366,NA
E36_0_881,7.44165769991981,7.44932509456501
E24_4_005,113.01072756697,NA
E106_2_563,73.6813398361238,NA
E110_5_847,103.611759765427,NA
E47_6_488,116.463048259702,NA
E56_3_524,101.474941879312,NA
E131_6_088,101.007741918838,NA
E15_2_003,60.7806240332552,67.9116813120887
E128_4_726,126.132997699872,NA
E65_4_165,119.104639228515,NA
E110_6_488,123.377435835503,NA
E16_7_049,120.959149347375,NA
E107_6_889,NA,133.311351537451
E2_5_527,100.8039402558,NA
E20_7_61,NA,158.436807941983
E96_2_643,72.0122108759206,NA
E17_3_284,72.8349374771711,NA
E85_2_083,55.2268197658604,57.8812064752654
E120_2_964,NA,85.5620076832944
E12_4_566,91.4751678298742,NA
E135_4_566,NA,128.736461777022
E125_7_209,112.941617715663,NA
E2_2_003,52.1034753200014,51.0177725985632
E84_3_524,109.324359977574,NA
E41_6_008,NA,152.20353263761
E84_0_481,24.6210958062624,24.419393316105
E17_4_966,115.507094252414,NA
E1_2_243,52.6684990625948,45.0075290968152
E3_1_362,38.1622713819652,37.6917358097846
E101_2_003,NA,72.5286010820235
E16_4_406,126.43314403726,NA
E126_7_77,129.862775041582,NA
E4_5_447,NA,149.744046310472
E56_5_687,100.879135478998,NA
E96_5_607,137.530695301276,NA
E136_0_08,4.65681291468384,4.65622842357288
E126_5_687,122.188720655571,NA
E1_2_563,53.2626396303524,47.4094557958077
E110_3_845,81.4127106216288,NA
E0_4_005,NA,96.9770591801308
E4_2_643,NA,103.458236841449
E106_3_204,82.569207787991,NA
E79_3_444,112.769367222848,NA
E12_2_884,70.0909580399985,NA
E44_2_003,50.4823443421532,55.8545362980477
E37_3_444,55.1073915254233,48.5493961258924
E54_6_088,123.793468409883,NA
E106_6_809,123.546282370469,NA
E4_3_765,NA,110.905948298413
E142_3_845,NA,76.8042550245304
E42_6_969,115.435369194311,NA
E63_2_163,54.3564935130039,48.9418076789017
E112_5_527,NA,153.887905716003
E101_6_568,NA,143.95337885068
E16_0_561,25.9581430862597,25.8218040218762
E96_2_323,75.6129798191168,NA
E86_1_202,40.4220245135601,41.2108747426695
E56_6_168,120.833246123945,NA
E125_1_282,44.9410088626315,45.5698236092166
E106_0_0,0,0
E123_1_442,53.7441612151109,52.9234632782117
E84_7_529,124.598373387523,NA
E78_6_809,101.507946465854,NA
E24_4_325,111.914557987147,NA
E0_1_041,43.6381766965613,45.2564651822257
E119_7_369,101.479528748032,NA
E106_3_444,88.9669291431073,NA
E80_0_32,26.4525903858867,26.3264148579344
E108_5_207,135.154746310595,NA
E49_1_762,47.786131498265,50.512423704614
E86_0_961,38.0005909243009,38.3718192415322
E49_1_041,31.7103156681198,31.630528034846
E131_7_209,101.761685178152,NA
E16_3_124,109.597884907195,NA
E98_5_927,NA,142.317616955204
E80_2_003,74.9645744239485,NA
E96_6_248,112.461538612968,NA
E101_7_449,NA,150.572906511983
E79_6_969,102.684270155365,NA
E15_0_0,0,0
E66_2_483,75.6997606949456,NA
E44_7_129,NA,158.582934378765
E107_0_08,0.0686424486355046,0.0686416324678648
E37_3_845,62.3038227351324,NA
E0_5_767,NA,154.295867153091
E107_0_561,20.5522017550744,20.4864544431864
E41_6_648,NA,152.636517824501
E25_1_522,51.5616339770554,55.1379744839057
E2_6_728,123.901527463209,NA
E55_1_282,45.8550880929283,45.7938752596271
E51_4_726,NA,109.997451589231
E31_6_248,NA,149.732806131831
E85_7_129,NA,152.2354367508
E56_5_287,107.703683437958,NA
E120_6_088,NA,152.036353216232
E48_1_202,16.3833416668262,16.3644117661446
E0_4_325,NA,102.919639788396
E106_6_889,119.195696979691,NA
E14_7_93,NA,156.426039142311
E107_1_362,44.1178692121973,46.7392252102622
E2_2_563,55.0182745466436,50.3054586634093
E131_0_16,2.08561941857277,2.08580761008287
E16_3_204,97.4499550491389,NA
E37_5_046,71.2489600911914,NA
E131_7_85,124.339785164445,NA
E121_7_129,NA,141.633442607759
E107_3_204,NA,83.7037439675807
E85_5_687,NA,154.596118559521
E121_2_804,NA,77.2974389718157
E126_6_889,128.145236205479,NA
E55_0_24,12.7582714272374,12.753767183717
E16_0_0,0,0
E66_6_408,111.244538787483,NA
E42_5_607,124.768283932885,NA
E25_5_927,NA,135.342450520542
E12_0_24,13.2188540390696,13.2158539605076
E66_4_806,120.513541401518,NA
E78_3_284,64.7052594638254,73.3027289715823
E128_0_32,11.0059979640838,11.0045677211052
E94_2_083,54.7563057598637,58.4293954196551
E125_3_044,119.604017833431,NA
E142_2_884,59.6211502595309,62.1458699501983
E2_3_364,74.2569493312284,NA
E25_6_889,NA,149.988757759873
E133_2_483,53.2909138829757,49.1712644270871
E42_3_765,100.975018067471,NA
E131_5_527,125.601593095694,NA
E78_2_563,64.7253980393114,72.3636815732847
E51_7_93,NA,157.877705533862
E65_4_886,119.214386888744,NA
E42_6_168,114.65404325566,NA
E108_2_483,70.9083863594768,NA
E0_5_287,NA,131.364094655936
E133_0_881,9.55412135130695,9.54998223961035
E48_2_964,90.0580502134172,NA
E48_3_284,110.902929541629,NA
E88_5_207,NA,124.31810751114
E24_1_282,27.762648811692,27.7108063175059
E16_6_969,135.393841756321,NA
E63_6_568,118.818417436691,NA
E123_1_362,53.0589390937974,52.3295826323102
E110_1_602,22.6178765539587,22.6021486990055
E49_6_728,NA,138.558413195192
E54_1_121,28.9835236445613,28.9038279725626
E107_1_682,44.7657338403822,46.9405654719889
E78_2_964,NA,75.074519950857
E136_6_328,NA,160.93326356875
E42_2_723,75.551679001816,NA
E41_3_124,NA,100.060968737983
E142_5_847,NA,119.096838975781
E3_6_728,NA,150.337072392439
E66_7_93,126.948734936961,NA
E40_6_728,120.299496176364,NA
E1_3_685,72.5849360685248,NA
E79_0_24,5.55282162071399,5.55425278043078
E88_1_602,49.9852221587915,52.457800295825
E17_3_204,73.1192977609503,NA
E47_7_369,118.478960153799,NA
E37_0_721,8.56023366488081,8.56130882897834
E12_6_168,128.075815833987,NA
E85_3_364,NA,99.5316986040453
E88_4_566,NA,115.337215349982
E54_2_804,77.8996181611999,NA
E119_4_646,109.343491394702,NA
E36_1_282,24.781545255574,24.685228267875
E16_5_367,102.140441551699,NA
E106_1_682,45.7049693898334,47.3972699930122
E49_5_207,NA,146.820517639023
E131_2_003,46.2218748105154,45.1799739108717
E119_5_527,114.480345711875,NA
E107_2_243,55.1317053326888,55.8036639321626
E12_6_648,114.624434221258,NA
E133_0_721,4.58492399335287,4.58744455071318
E16_7_85,128.104698635634,NA
E25_2_403,NA,80.4495147713287
E10_3_444,77.5820978389847,NA
E3_7_529,NA,145.629765411253
E24_0_401,13.4857467882276,13.4920798805678
E135_0_641,18.4277477193814,18.3955291124328
E107_4_726,NA,127.253940864507
E136_5_126,NA,141.263070065908
E101_1_922,60.5338324944738,65.5339802856383
E15_5_527,NA,143.918630041123
E107_6_408,NA,138.450304405583
E142_1_121,10.839799109662,10.8433672019021
E88_2_563,NA,76.071715700977
E20_1_762,54.0469119856267,58.1652895801426
E110_7_449,118.857086073236,NA
E36_1_522,27.8437669539109,27.7369438629701
E78_3_925,77.4620549739191,NA
E25_3_364,NA,98.9013746931576
E12_0_721,16.1810949777654,16.1588329080797
E37_6_168,104.469796943829,NA
E126_4_646,139.291916426378,NA
E107_5_367,NA,140.35311402852
E133_0_24,8.81576361193729,8.81765878357083
E31_4_966,NA,140.635162595738
E135_3_364,NA,107.630533583543
E106_3_524,91.8128961836078,NA
E142_1_922,29.3769962985663,29.2717354434736
E126_3_765,96.0031005299369,NA
E12_0_561,13.1517711874146,13.1429706671565
E70_5_287,NA,152.26009325611
E135_0_561,22.858735136547,22.7445037250752
E84_0_32,20.5147237574508,20.4100197822133
E41_5_767,NA,160.64923155454
E36_6_408,NA,153.386976530247
E109_7_369,NA,160.328465256021
E86_6_889,110.456309239403,NA
E123_0_801,23.8901126364879,23.8252830153427
E41_0_641,18.2232035305811,18.1955494215196
E120_0_32,14.3451070243859,14.3602207632813
E120_6_488,NA,145.81333028323
E142_5_447,NA,114.143056181787
E79_2_163,65.7281612146738,70.9621351415818
E120_7_049,NA,146.805953108465
E79_1_842,50.9710162414608,53.4880076126305
E123_5_687,120.032589964601,NA
E112_6_168,NA,156.311781124312
E41_7_209,NA,154.517494070067
E37_5_847,103.580438235584,NA
E3_2_163,60.6535458725823,63.949607686187
E109_4_165,NA,113.501015072023
E133_3_524,76.3254898762596,NA
E40_5_207,130.380458336457,NA
E17_0_24,12.7555032958569,12.7450280453388
E125_2_723,86.383923657948,NA
E25_1_602,52.8151349211559,56.9609201594566
E79_2_643,NA,74.1856211641082
E31_5_367,NA,139.98751365622
E85_0_481,4.15594051121137,4.15719441224452
E56_3_204,109.098278225917,NA
E10_2_483,54.9335827522677,52.2920754565914
E49_2_964,NA,86.2029706888083
E49_3_605,NA,99.977282003546
E2_4_726,110.525905739295,NA
E44_6_408,NA,158.459222609947
E110_0_721,15.6617578706897,15.6555399509551
E128_6_568,102.22858643185,NA
E123_0_32,11.6390414275493,11.6359466156271
E2_1_922,52.0463717186832,51.3040038877648
E135_6_728,NA,148.927130015086
E133_2_884,63.3213994299407,NA
E96_3_204,116.003667941199,NA
E125_6_648,97.7556608056023,NA
E42_5_367,126.644072872057,NA
E112_2_884,NA,94.924683082914
E88_5_287,NA,130.494814755789
E24_3_204,73.5796874517542,NA
E36_0_401,21.1061769889122,21.0548106806114
E119_2_083,56.3309138096916,58.6177169915538
E66_4_165,119.50570715327,NA
E110_1_842,32.909881683211,32.8381591722377
E86_5_207,112.83903703082,NA
E24_5_767,119.945892610101,NA
E15_3_444,NA,111.381199231139
E20_2_483,NA,80.4867287564204
E63_7_85,131.431504608106,NA
E65_2_884,69.7966020840146,NA
E47_4_486,131.887925666606,NA
E12_2_964,70.3913158938605,NA
E3_0_08,0.241531819875652,0.241523252755656
E24_4_165,113.613632667425,NA
E110_2_884,56.2660853084937,55.0931461904496
E4_1_442,45.8629165805703,48.8976280376403
E88_2_884,NA,79.2934682542924
E51_0_24,21.5504454362713,21.504945154236
E2_5_046,126.845389395669,NA
E120_5_847,NA,148.767090127266
E48_6_248,120.754589866605,NA
E37_2_723,53.1503631649616,46.9636136395306
E120_7_85,NA,151.821459096682
E17_1_842,49.2513702464059,50.9388325227543
E88_2_323,NA,74.0680226179597
E96_6_328,110.800749562151,NA
E63_6_648,121.373426736515,NA
E109_3_444,NA,99.5911287431253
E44_2_884,NA,100.149259434331
E24_5_687,120.346917665516,NA
E142_3_765,NA,76.4213241516742
E2_0_801,20.8920263497138,20.8077422296495
E133_0_961,10.3495631161436,10.3524590860889
E36_2_323,49.5721461407358,51.9466181020181
E0_3_605,NA,81.6637877093039
E98_2_643,NA,81.2453873288983
E54_6_809,112.008690160185,NA
E120_4_486,NA,115.614642656478
E54_6_889,126.807813749763,NA
E2_3_444,81.3509285338222,NA
E51_2_563,NA,82.6693261700626
E2_4_165,112.121119589442,NA
E4_6_809,NA,145.749029827551
E88_3_524,NA,99.7023502928579
E54_7_289,133.925246696215,NA
E36_7_289,NA,156.375518565574
E40_0_481,20.727082299545,20.6747175557333
E128_3_364,98.1861151065343,NA
E2_6_889,104.278209771834,NA
E1_2_003,52.156403355152,45.2711306774941
E0_0_481,22.003766275929,21.9502235213616
E36_3_685,NA,95.7006140725271
E54_1_041,29.1320560605506,29.0803992999697
E2_4_646,113.522787729813,NA
E128_5_927,120.434841321357,NA
E14_1_442,30.0863544837805,30.0408744110392
E49_4_646,NA,114.441642912141
E47_7_449,111.908757809235,NA
E70_4_165,NA,114.066924355329
E36_3_444,NA,95.8374268544743
E65_5_527,121.868523887892,NA
E1_3_204,69.1339605108228,NA
E55_1_762,62.0885383795314,NA
E88_0_721,22.9606103352184,22.8271126053342
E15_1_362,47.2613999065748,49.7811004745777
E126_4_886,130.670951408555,NA
E10_7_93,114.081812212201,NA
E17_4_005,106.074960996146,NA
E131_6_328,126.007381575934,NA
E133_6_568,128.120189288234,NA
E41_7_93,NA,147.938382341927
E17_7_449,99.0854837964923,NA
E94_6_408,NA,154.971930228484
E31_0_16,1.55845469723973,1.55833273411848
E136_6_408,NA,144.438014924315
E48_6_889,115.11873737527,NA
E119_2_964,72.7566824541962,NA
E133_0_401,0,0
E20_2_403,NA,80.5250290080926
E51_2_243,NA,73.9428014959452
E12_5_126,114.680932896192,NA
E42_4_726,120.080941796191,NA
E98_0_08,1.74364090199443,1.7437179497111
E131_7_529,100.201523217582,NA
E66_7_77,121.87668600725,NA
E44_0_561,13.1409155100116,13.140636049259
E40_6_488,103.472637437771,NA
E80_4_245,109.443533954768,NA
E142_0_481,7.91913381791361,7.91889099409515
E131_7_69,121.690869986396,NA
E40_7_209,123.912026341075,NA
E78_2_323,65.5842610571898,70.6961086085241
E31_0_481,13.1874357127042,13.1913393494992
E36_6_328,NA,153.092656924231
E96_1_922,54.4904278852506,50.5079590636989
E55_3_605,107.96167748993,NA
E66_3_765,118.716654650112,NA
E108_6_008,137.061585085468,NA
E15_6_488,NA,142.084731567731
E65_6_168,108.059709516187,NA
E126_6_728,123.377701639024,NA
E44_4_165,NA,123.125412578364
E136_1_362,50.0058356497912,53.4737543785985
E31_7_93,NA,140.878724356787
E128_7_209,122.238237906478,NA
E66_0_0,0,0
E4_4_245,NA,130.299688665424
E3_3_364,NA,99.7392154668522
E10_0_561,20.4856830071684,20.473863085553
E2_3_124,73.065830498405,NA
E55_0_16,11.3789132910119,11.3774117049636
E65_1_442,42.4931032372212,42.6730424793715
E101_7_93,NA,156.258892131319
E112_1_922,47.9025445262118,50.6406945671608
E51_2_483,NA,80.4286676108847
E41_7_289,NA,158.936459486011
E54_2_964,78.3700980974586,NA
E106_7_93,131.984316609387,NA
E49_5_847,NA,145.493052540836
E84_7_85,122.068322686743,NA
E131_5_207,123.160056361051,NA
E136_2_083,NA,81.8618529101248
E56_0_32,8.93286930843509,8.93408505379084
E126_5_126,124.326502193121,NA
E108_1_202,23.6078191674214,23.5615293801651
E88_2_804,NA,79.5645288161889
E14_3_685,NA,84.4208644121376
